epochs, batch_size, lrate, decay, truefalse, final_accuracy
(5, 8, 1e-06, 2e-07, 0, 23.423423423423422)
(5, 8, 1e-06, 2e-07, 1, 12.612612800555187)
(5, 8, 1e-05, 2.0000000000000003e-06, 0, 27.927927927927925)
(5, 8, 1e-05, 2.0000000000000003e-06, 1, 27.927927927927925)
(5, 8, 0.0001, 2e-05, 0, 27.927927927927925)
(5, 8, 0.0001, 2e-05, 1, 27.927927927927925)
(5, 8, 0.001, 0.0002, 0, 39.63963963963964)
(5, 8, 0.001, 0.0002, 1, 38.73873889983238)
(5, 8, 0.01, 0.002, 0, 27.927927927927925)
(5, 8, 0.01, 0.002, 1, 27.927927927927925)
(5, 8, 0.1, 0.02, 0, 24.324324324324326)
(5, 8, 0.1, 0.02, 1, 26.126126126126124)
(5, 8, 0.5, 0.1, 0, 27.927927927927925)
(5, 8, 0.5, 0.1, 1, 24.324324324324326)
(5, 8, 1.0, 0.2, 0, 26.126126126126124)
(5, 8, 1.0, 0.2, 1, 27.927927927927925)
(5, 8, 5.0, 1.0, 0, 24.324324324324326)
(5, 8, 5.0, 1.0, 1, 27.927927927927925)
(5, 8, 10.0, 2.0, 0, 21.62162162162162)
(5, 8, 10.0, 2.0, 1, 21.62162162162162)
(5, 8, 100.0, 20.0, 0, 27.927927927927925)
(5, 8, 100.0, 20.0, 1, 26.126126126126124)
(5, 16, 1e-06, 2e-07, 0, 27.927927927927925)
(5, 16, 1e-06, 2e-07, 1, 18.918919012890207)
(5, 16, 1e-05, 2.0000000000000003e-06, 0, 27.927927927927925)
(5, 16, 1e-05, 2.0000000000000003e-06, 1, 27.927927927927925)
(5, 16, 0.0001, 2e-05, 0, 27.927927927927925)
(5, 16, 0.0001, 2e-05, 1, 27.927927927927925)
(5, 16, 0.001, 0.0002, 0, 35.135135161984074)
(5, 16, 0.001, 0.0002, 1, 36.03603641192119)
(5, 16, 0.01, 0.002, 0, 27.927927927927925)
(5, 16, 0.01, 0.002, 1, 27.927927927927925)
(5, 16, 0.1, 0.02, 0, 27.927927927927925)
(5, 16, 0.1, 0.02, 1, 27.927927927927925)
(5, 16, 0.5, 0.1, 0, 21.62162162162162)
(5, 16, 0.5, 0.1, 1, 27.927927927927925)
(5, 16, 1.0, 0.2, 0, 24.324324324324326)
(5, 16, 1.0, 0.2, 1, 21.62162162162162)
(5, 16, 5.0, 1.0, 0, 24.324324324324326)
(5, 16, 5.0, 1.0, 1, 27.927927927927925)
(5, 16, 10.0, 2.0, 0, 26.126126126126124)
(5, 16, 10.0, 2.0, 1, 21.62162162162162)
(5, 16, 100.0, 20.0, 0, 26.126126126126124)
(5, 16, 100.0, 20.0, 1, 26.126126126126124)
(5, 32, 1e-06, 2e-07, 0, 22.522522549371462)
(5, 32, 1e-06, 2e-07, 1, 28.82882882882883)
(5, 32, 1e-05, 2.0000000000000003e-06, 0, 27.927927927927925)
(5, 32, 1e-05, 2.0000000000000003e-06, 1, 27.927927927927925)
(5, 32, 0.0001, 2e-05, 0, 27.927927927927925)
(5, 32, 0.0001, 2e-05, 1, 27.927927927927925)
(5, 32, 0.001, 0.0002, 0, 27.927927927927925)
(5, 32, 0.001, 0.0002, 1, 27.927927927927925)
(5, 32, 0.01, 0.002, 0, 27.927927927927925)
(5, 32, 0.01, 0.002, 1, 27.927927927927925)
(5, 32, 0.1, 0.02, 0, 27.927927927927925)
(5, 32, 0.1, 0.02, 1, 21.62162162162162)
(5, 32, 0.5, 0.1, 0, 27.927927927927925)
(5, 32, 0.5, 0.1, 1, 27.927927927927925)
(5, 32, 1.0, 0.2, 0, 27.927927927927925)
(5, 32, 1.0, 0.2, 1, 27.927927927927925)
(5, 32, 5.0, 1.0, 0, 26.126126126126124)
(5, 32, 5.0, 1.0, 1, 24.324324324324326)
(5, 32, 10.0, 2.0, 0, 21.62162162162162)
(5, 32, 10.0, 2.0, 1, 27.927927927927925)
(5, 32, 100.0, 20.0, 0, 27.927927927927925)
(5, 32, 100.0, 20.0, 1, 26.126126126126124)
(5, 64, 1e-06, 2e-07, 0, 37.83783821372298)
(5, 64, 1e-06, 2e-07, 1, 24.324324324324326)
(5, 64, 1e-05, 2.0000000000000003e-06, 0, 27.927927927927925)
(5, 64, 1e-05, 2.0000000000000003e-06, 1, 28.82882882882883)
(5, 64, 0.0001, 2e-05, 0, 27.927927927927925)
(5, 64, 0.0001, 2e-05, 1, 27.927927927927925)
(5, 64, 0.001, 0.0002, 0, 27.927927927927925)
(5, 64, 0.001, 0.0002, 1, 27.927927927927925)
(5, 64, 0.01, 0.002, 0, 40.540540594238415)
(5, 64, 0.01, 0.002, 1, 27.927927927927925)
(5, 64, 0.1, 0.02, 0, 27.927927927927925)
(5, 64, 0.1, 0.02, 1, 26.126126126126124)
(5, 64, 0.5, 0.1, 0, 26.126126126126124)
(5, 64, 0.5, 0.1, 1, 27.927927927927925)
(5, 64, 1.0, 0.2, 0, 27.927927927927925)
(5, 64, 1.0, 0.2, 1, 26.126126126126124)
(5, 64, 5.0, 1.0, 0, 27.927927927927925)
(5, 64, 5.0, 1.0, 1, 26.126126126126124)
(5, 64, 10.0, 2.0, 0, 21.62162162162162)
(5, 64, 10.0, 2.0, 1, 27.927927927927925)
(5, 64, 100.0, 20.0, 0, 27.927927927927925)
(5, 64, 100.0, 20.0, 1, 26.126126126126124)
(5, 128, 1e-06, 2e-07, 0, 22.52252252252252)
(5, 128, 1e-06, 2e-07, 1, 24.324324431720083)
(5, 128, 1e-05, 2.0000000000000003e-06, 0, 27.927927927927925)
(5, 128, 1e-05, 2.0000000000000003e-06, 1, 18.018018111989303)
(5, 128, 0.0001, 2e-05, 0, 27.927927927927925)
(5, 128, 0.0001, 2e-05, 1, 27.927927927927925)
(5, 128, 0.001, 0.0002, 0, 27.927927927927925)
(5, 128, 0.001, 0.0002, 1, 27.927927927927925)
(5, 128, 0.01, 0.002, 0, 27.927927927927925)
(5, 128, 0.01, 0.002, 1, 25.225225225225223)
(5, 128, 0.1, 0.02, 0, 27.927927927927925)
(5, 128, 0.1, 0.02, 1, 27.927927927927925)
(5, 128, 0.5, 0.1, 0, 27.927927927927925)
(5, 128, 0.5, 0.1, 1, 27.927927927927925)
(5, 128, 1.0, 0.2, 0, 27.927927927927925)
(5, 128, 1.0, 0.2, 1, 27.927927927927925)
(5, 128, 5.0, 1.0, 0, 26.126126126126124)
(5, 128, 5.0, 1.0, 1, 26.126126126126124)
(5, 128, 10.0, 2.0, 0, 27.927927927927925)
(5, 128, 10.0, 2.0, 1, 27.927927927927925)
(5, 128, 100.0, 20.0, 0, 27.927927927927925)
(5, 128, 100.0, 20.0, 1, 26.126126126126124)
(50, 8, 1e-06, 2e-08, 0, 27.927927927927925)
(50, 8, 1e-06, 2e-08, 1, 27.927927927927925)
(50, 8, 1e-05, 2.0000000000000002e-07, 0, 27.927927927927925)
(50, 8, 1e-05, 2.0000000000000002e-07, 1, 27.927927927927925)
(50, 8, 0.0001, 2e-06, 0, 29.729729823701017)
(50, 8, 0.0001, 2e-06, 1, 33.333333427304616)
(50, 8, 0.001, 2e-05, 0, 33.33333336018227)
(50, 8, 0.001, 2e-05, 1, 31.531531558380472)
(50, 8, 0.01, 0.0002, 0, 27.927927927927925)
(50, 8, 0.01, 0.0002, 1, 27.927927927927925)
(50, 8, 0.1, 0.002, 0, 27.927927927927925)
(50, 8, 0.1, 0.002, 1, 27.927927927927925)
(50, 8, 0.5, 0.01, 0, 26.126126126126124)
(50, 8, 0.5, 0.01, 1, 27.927927927927925)
(50, 8, 1.0, 0.02, 0, 21.62162162162162)
(50, 8, 1.0, 0.02, 1, 27.927927927927925)
(50, 8, 5.0, 0.1, 0, 21.62162162162162)
(50, 8, 5.0, 0.1, 1, 26.126126126126124)
(50, 8, 10.0, 0.2, 0, 27.927927927927925)
(50, 8, 10.0, 0.2, 1, 21.62162162162162)
(50, 8, 100.0, 2.0, 0, 27.927927927927925)
(50, 8, 100.0, 2.0, 1, 27.927927927927925)
(50, 16, 1e-06, 2e-08, 0, 14.414414414414415)
(50, 16, 1e-06, 2e-08, 1, 26.126126126126124)
(50, 16, 1e-05, 2.0000000000000002e-07, 0, 27.927927927927925)
(50, 16, 1e-05, 2.0000000000000002e-07, 1, 27.927927927927925)
(50, 16, 0.0001, 2e-06, 0, 37.83783797208253)
(50, 16, 0.0001, 2e-06, 1, 33.33333346757803)
(50, 16, 0.001, 2e-05, 0, 35.13513521568195)
(50, 16, 0.001, 2e-05, 1, 35.13513526937983)
(50, 16, 0.01, 0.0002, 0, 27.927927927927925)
(50, 16, 0.01, 0.0002, 1, 27.927927927927925)
(50, 16, 0.1, 0.002, 0, 27.927927927927925)
(50, 16, 0.1, 0.002, 1, 27.927927927927925)
(50, 16, 0.5, 0.01, 0, 27.927927927927925)
(50, 16, 0.5, 0.01, 1, 27.927927927927925)
(50, 16, 1.0, 0.02, 0, 26.126126126126124)
(50, 16, 1.0, 0.02, 1, 26.126126126126124)
(50, 16, 5.0, 0.1, 0, 27.927927927927925)
(50, 16, 5.0, 0.1, 1, 27.927927927927925)
(50, 16, 10.0, 0.2, 0, 27.927927927927925)
(50, 16, 10.0, 0.2, 1, 27.927927927927925)
(50, 16, 100.0, 2.0, 0, 27.927927927927925)
(50, 16, 100.0, 2.0, 1, 26.126126126126124)
(50, 32, 1e-06, 2e-08, 0, 27.927927927927925)
(50, 32, 1e-06, 2e-08, 1, 27.927927927927925)
(50, 32, 1e-05, 2.0000000000000002e-07, 0, 27.927927927927925)
(50, 32, 1e-05, 2.0000000000000002e-07, 1, 27.927927927927925)
(50, 32, 0.0001, 2e-06, 0, 42.342342476587035)
(50, 32, 0.0001, 2e-06, 1, 39.63963977388433)
(50, 32, 0.001, 2e-05, 0, 28.828828963073523)
(50, 32, 0.001, 2e-05, 1, 36.036036116582856)
(50, 32, 0.01, 0.0002, 0, 27.927927927927925)
(50, 32, 0.01, 0.0002, 1, 27.927927927927925)
(50, 32, 0.1, 0.002, 0, 27.927927927927925)
(50, 32, 0.1, 0.002, 1, 26.126126126126124)
(50, 32, 0.5, 0.01, 0, 21.62162162162162)
(50, 32, 0.5, 0.01, 1, 26.126126126126124)
(50, 32, 1.0, 0.02, 0, 27.927927927927925)
(50, 32, 1.0, 0.02, 1, 27.927927927927925)
(50, 32, 5.0, 0.1, 0, 27.927927927927925)
(50, 32, 5.0, 0.1, 1, 26.126126126126124)
(50, 32, 10.0, 0.2, 0, 27.927927927927925)
(50, 32, 10.0, 0.2, 1, 27.927927927927925)
(50, 32, 100.0, 2.0, 0, 26.126126126126124)
(50, 32, 100.0, 2.0, 1, 27.927927927927925)
(50, 64, 1e-06, 2e-08, 0, 27.927927927927925)
(50, 64, 1e-06, 2e-08, 1, 27.92792797491357)
(50, 64, 1e-05, 2.0000000000000002e-07, 0, 27.927927927927925)
(50, 64, 1e-05, 2.0000000000000002e-07, 1, 27.927927927927925)
(50, 64, 0.0001, 2e-06, 0, 36.03603617028073)
(50, 64, 0.0001, 2e-06, 1, 38.73873873873874)
(50, 64, 0.001, 2e-05, 0, 29.729729917672305)
(50, 64, 0.001, 2e-05, 1, 33.33333337360674)
(50, 64, 0.01, 0.0002, 0, 35.13513521568195)
(50, 64, 0.01, 0.0002, 1, 27.927927927927925)
(50, 64, 0.1, 0.002, 0, 27.927927927927925)
(50, 64, 0.1, 0.002, 1, 27.927927927927925)
(50, 64, 0.5, 0.01, 0, 27.927927927927925)
(50, 64, 0.5, 0.01, 1, 27.927927927927925)
(50, 64, 1.0, 0.02, 0, 26.126126126126124)
(50, 64, 1.0, 0.02, 1, 27.927927927927925)
(50, 64, 5.0, 0.1, 0, 27.927927927927925)
(50, 64, 5.0, 0.1, 1, 26.126126126126124)
(50, 64, 10.0, 0.2, 0, 26.126126126126124)
(50, 64, 10.0, 0.2, 1, 27.927927927927925)
(50, 64, 100.0, 2.0, 0, 26.126126126126124)
(50, 64, 100.0, 2.0, 1, 26.126126126126124)
(50, 128, 1e-06, 2e-08, 0, 27.927927927927925)
(50, 128, 1e-06, 2e-08, 1, 26.12612622009741)
(50, 128, 1e-05, 2.0000000000000002e-07, 0, 27.927927927927925)
(50, 128, 1e-05, 2.0000000000000002e-07, 1, 27.927927927927925)
(50, 128, 0.0001, 2e-06, 0, 32.43243256667713)
(50, 128, 0.0001, 2e-06, 1, 27.927927927927925)
(50, 128, 0.001, 2e-05, 0, 33.333333427304616)
(50, 128, 0.001, 2e-05, 1, 36.036036223978606)
(50, 128, 0.01, 0.0002, 0, 43.243243377487936)
(50, 128, 0.01, 0.0002, 1, 27.927927927927925)
(50, 128, 0.1, 0.002, 0, 27.927927927927925)
(50, 128, 0.1, 0.002, 1, 27.927927927927925)
(50, 128, 0.5, 0.01, 0, 27.927927927927925)
(50, 128, 0.5, 0.01, 1, 27.927927927927925)
(50, 128, 1.0, 0.02, 0, 27.927927927927925)
(50, 128, 1.0, 0.02, 1, 26.126126126126124)
(50, 128, 5.0, 0.1, 0, 26.126126126126124)
(50, 128, 5.0, 0.1, 1, 26.126126126126124)
(50, 128, 10.0, 0.2, 0, 27.927927927927925)
(50, 128, 10.0, 0.2, 1, 27.927927927927925)
(50, 128, 100.0, 2.0, 0, 27.927927927927925)
(50, 128, 100.0, 2.0, 1, 26.126126126126124)
(100, 8, 1e-06, 1e-08, 0, 27.927927927927925)
(100, 8, 1e-06, 1e-08, 1, 27.927927927927925)
(100, 8, 1e-05, 1.0000000000000001e-07, 0, 35.135135161984074)
(100, 8, 1e-05, 1.0000000000000001e-07, 1, 29.729729776715374)
(100, 8, 0.0001, 1e-06, 0, 34.234234328205524)
(100, 8, 0.0001, 1e-06, 1, 29.729729823701017)
(100, 8, 0.001, 1e-05, 0, 33.33333370921848)
(100, 8, 0.001, 1e-05, 1, 27.027027402912175)
(100, 8, 0.01, 0.0001, 0, 27.927927927927925)
(100, 8, 0.01, 0.0001, 1, 27.927927927927925)
(100, 8, 0.1, 0.001, 0, 21.62162162162162)
(100, 8, 0.1, 0.001, 1, 21.62162162162162)
(100, 8, 0.5, 0.005, 0, 21.62162162162162)
(100, 8, 0.5, 0.005, 1, 27.927927927927925)
(100, 8, 1.0, 0.01, 0, 26.126126126126124)
(100, 8, 1.0, 0.01, 1, 24.324324324324326)
(100, 8, 5.0, 0.05, 0, 26.126126126126124)
(100, 8, 5.0, 0.05, 1, 27.927927927927925)
(100, 8, 10.0, 0.1, 0, 27.927927927927925)
(100, 8, 10.0, 0.1, 1, 21.62162162162162)
(100, 8, 100.0, 1.0, 0, 21.62162162162162)
(100, 8, 100.0, 1.0, 1, 27.927927927927925)
(100, 16, 1e-06, 1e-08, 0, 27.927927927927925)
(100, 16, 1e-06, 1e-08, 1, 27.927927927927925)
(100, 16, 1e-05, 1.0000000000000001e-07, 0, 32.43243256667713)
(100, 16, 1e-05, 1.0000000000000001e-07, 1, 29.729729823701017)
(100, 16, 0.0001, 1e-06, 0, 33.33333337360674)
(100, 16, 0.0001, 1e-06, 1, 32.43243247270584)
(100, 16, 0.001, 1e-05, 0, 27.927928142719438)
(100, 16, 0.001, 1e-05, 1, 27.927928303813076)
(100, 16, 0.01, 0.0001, 0, 27.927927927927925)
(100, 16, 0.01, 0.0001, 1, 27.927927927927925)
(100, 16, 0.1, 0.001, 0, 26.126126126126124)
(100, 16, 0.1, 0.001, 1, 27.927927927927925)
(100, 16, 0.5, 0.005, 0, 26.126126126126124)
(100, 16, 0.5, 0.005, 1, 26.126126126126124)
(100, 16, 1.0, 0.01, 0, 21.62162162162162)
(100, 16, 1.0, 0.01, 1, 26.126126126126124)
(100, 16, 5.0, 0.05, 0, 21.62162162162162)
(100, 16, 5.0, 0.05, 1, 27.927927927927925)
(100, 16, 10.0, 0.1, 0, 24.324324324324326)
(100, 16, 10.0, 0.1, 1, 21.62162162162162)
(100, 16, 100.0, 1.0, 0, 26.126126126126124)
(100, 16, 100.0, 1.0, 1, 26.126126126126124)
(100, 32, 1e-06, 1e-08, 0, 27.927927927927925)
(100, 32, 1e-06, 1e-08, 1, 27.927927927927925)
(100, 32, 1e-05, 1.0000000000000001e-07, 0, 27.927927927927925)
(100, 32, 1e-05, 1.0000000000000001e-07, 1, 27.927927927927925)
(100, 32, 0.0001, 1e-06, 0, 34.234234422176804)
(100, 32, 0.0001, 1e-06, 1, 34.234234328205524)
(100, 32, 0.001, 1e-05, 0, 29.729729998219124)
(100, 32, 0.001, 1e-05, 1, 27.927927954776866)
(100, 32, 0.01, 0.0001, 0, 27.927927927927925)
(100, 32, 0.01, 0.0001, 1, 27.927927927927925)
(100, 32, 0.1, 0.001, 0, 24.324324324324326)
(100, 32, 0.1, 0.001, 1, 27.927927927927925)
(100, 32, 0.5, 0.005, 0, 26.126126126126124)
(100, 32, 0.5, 0.005, 1, 27.927927927927925)
(100, 32, 1.0, 0.01, 0, 26.126126126126124)
(100, 32, 1.0, 0.01, 1, 26.126126126126124)
(100, 32, 5.0, 0.05, 0, 26.126126126126124)
(100, 32, 5.0, 0.05, 1, 27.927927927927925)
(100, 32, 10.0, 0.1, 0, 27.927927927927925)
(100, 32, 10.0, 0.1, 1, 26.126126126126124)
(100, 32, 100.0, 1.0, 0, 26.126126126126124)
(100, 32, 100.0, 1.0, 1, 27.927927927927925)
(100, 64, 1e-06, 1e-08, 0, 27.927927927927925)
(100, 64, 1e-06, 1e-08, 1, 26.126126126126124)
(100, 64, 1e-05, 1.0000000000000001e-07, 0, 27.927927927927925)
(100, 64, 1e-05, 1.0000000000000001e-07, 1, 27.927927927927925)
(100, 64, 0.0001, 1e-06, 0, 36.03603617028073)
(100, 64, 0.0001, 1e-06, 1, 36.936937124879506)
(100, 64, 0.001, 1e-05, 0, 33.33333370921848)
(100, 64, 0.001, 1e-05, 1, 37.83783821372298)
(100, 64, 0.01, 0.0001, 0, 27.927927927927925)
(100, 64, 0.01, 0.0001, 1, 25.22522538631886)
(100, 64, 0.1, 0.001, 0, 26.126126126126124)
(100, 64, 0.1, 0.001, 1, 26.126126126126124)
(100, 64, 0.5, 0.005, 0, 26.126126126126124)
(100, 64, 0.5, 0.005, 1, 27.927927927927925)
(100, 64, 1.0, 0.01, 0, 27.927927927927925)
(100, 64, 1.0, 0.01, 1, 26.126126126126124)
(100, 64, 5.0, 0.05, 0, 27.927927927927925)
(100, 64, 5.0, 0.05, 1, 27.927927927927925)
(100, 64, 10.0, 0.1, 0, 27.927927927927925)
(100, 64, 10.0, 0.1, 1, 26.126126126126124)
(100, 64, 100.0, 1.0, 0, 27.927927927927925)
(100, 64, 100.0, 1.0, 1, 26.126126126126124)
(100, 128, 1e-06, 1e-08, 0, 27.927927927927925)
(100, 128, 1e-06, 1e-08, 1, 27.927927927927925)
(100, 128, 1e-05, 1.0000000000000001e-07, 0, 27.927927927927925)
(100, 128, 1e-05, 1.0000000000000001e-07, 1, 27.927927927927925)
(100, 128, 0.0001, 1e-06, 0, 40.54054062108736)
(100, 128, 0.0001, 1e-06, 1, 36.93693707118163)
(100, 128, 0.001, 1e-05, 0, 31.53153161207835)
(100, 128, 0.001, 1e-05, 1, 34.234234556421505)
(100, 128, 0.01, 0.0001, 0, 30.630630764875328)
(100, 128, 0.01, 0.0001, 1, 30.630630657479568)
(100, 128, 0.1, 0.001, 0, 27.927927927927925)
(100, 128, 0.1, 0.001, 1, 27.927927927927925)
(100, 128, 0.5, 0.005, 0, 27.927927927927925)
(100, 128, 0.5, 0.005, 1, 27.927927927927925)
(100, 128, 1.0, 0.01, 0, 27.927927927927925)
(100, 128, 1.0, 0.01, 1, 26.126126126126124)
(100, 128, 5.0, 0.05, 0, 27.927927927927925)
(100, 128, 5.0, 0.05, 1, 27.927927927927925)
(100, 128, 10.0, 0.1, 0, 27.927927927927925)
(100, 128, 10.0, 0.1, 1, 27.927927927927925)
(100, 128, 100.0, 1.0, 0, 27.927927927927925)
(100, 128, 100.0, 1.0, 1, 27.927927927927925)
(500, 8, 1e-06, 1.9999999999999997e-09, 0, 27.927927927927925)
(500, 8, 1e-06, 1.9999999999999997e-09, 1, 27.927927927927925)
(500, 8, 1e-05, 2e-08, 0, 32.432432479418075)
(500, 8, 1e-05, 2e-08, 1, 38.73873887298343)
(500, 8, 0.0001, 2.0000000000000002e-07, 0, 24.324324592813714)
(500, 8, 0.0001, 2.0000000000000002e-07, 1, 27.027027349214293)
(500, 8, 0.001, 2e-06, 0, 17.117117197663934)
(500, 8, 0.001, 2e-06, 1, 14.414414441263354)
(500, 8, 0.01, 2e-05, 0, 27.927927927927925)
(500, 8, 0.01, 2e-05, 1, 27.927927927927925)
(500, 8, 0.1, 0.0002, 0, 27.927927927927925)
(500, 8, 0.1, 0.0002, 1, 27.927927927927925)
(500, 8, 0.5, 0.001, 0, 27.927927927927925)
(500, 8, 0.5, 0.001, 1, 27.927927927927925)
(500, 8, 1.0, 0.002, 0, 24.324324324324326)
(500, 8, 1.0, 0.002, 1, 27.927927927927925)
(500, 8, 5.0, 0.01, 0, 27.927927927927925)
(500, 8, 5.0, 0.01, 1, 21.62162162162162)
(500, 8, 10.0, 0.02, 0, 24.324324324324326)
(500, 8, 10.0, 0.02, 1, 27.927927927927925)
(500, 8, 100.0, 0.2, 0, 24.324324324324326)
(500, 8, 100.0, 0.2, 1, 26.126126126126124)
(500, 16, 1e-06, 1.9999999999999997e-09, 0, 27.927927927927925)
(500, 16, 1e-06, 1.9999999999999997e-09, 1, 27.927927927927925)
(500, 16, 1e-05, 2e-08, 0, 35.13513532307771)
(500, 16, 1e-05, 2e-08, 1, 39.63963977388433)
(500, 16, 0.0001, 2.0000000000000002e-07, 0, 28.8288291510161)
(500, 16, 0.0001, 2.0000000000000002e-07, 1, 27.927928250115198)
(500, 16, 0.001, 2e-06, 0, 13.513513594060331)
(500, 16, 0.001, 2e-06, 1, 14.41441449496123)
(500, 16, 0.01, 2e-05, 0, 27.927927927927925)
(500, 16, 0.01, 2e-05, 1, 27.927927927927925)
(500, 16, 0.1, 0.0002, 0, 27.927927927927925)
(500, 16, 0.1, 0.0002, 1, 21.62162162162162)
(500, 16, 0.5, 0.001, 0, 27.927927927927925)
(500, 16, 0.5, 0.001, 1, 26.126126126126124)
(500, 16, 1.0, 0.002, 0, 21.62162162162162)
(500, 16, 1.0, 0.002, 1, 27.927927927927925)
(500, 16, 5.0, 0.01, 0, 21.62162162162162)
(500, 16, 5.0, 0.01, 1, 26.126126126126124)
(500, 16, 10.0, 0.02, 0, 26.126126126126124)
(500, 16, 10.0, 0.02, 1, 27.927927927927925)
(500, 16, 100.0, 0.2, 0, 27.927927927927925)
(500, 16, 100.0, 0.2, 1, 26.126126126126124)
(500, 32, 1e-06, 1.9999999999999997e-09, 0, 27.927927927927925)
(500, 32, 1e-06, 1.9999999999999997e-09, 1, 27.927927927927925)
(500, 32, 1e-05, 2e-08, 0, 40.540540674785234)
(500, 32, 1e-05, 2e-08, 1, 40.540540674785234)
(500, 32, 0.0001, 2.0000000000000002e-07, 0, 29.729729998219124)
(500, 32, 0.0001, 2.0000000000000002e-07, 1, 32.43243270092183)
(500, 32, 0.001, 2e-06, 0, 15.315315691200462)
(500, 32, 0.001, 2e-06, 1, 14.414414441263354)
(500, 32, 0.01, 2e-05, 0, 27.927927927927925)
(500, 32, 0.01, 2e-05, 1, 27.927927927927925)
(500, 32, 0.1, 0.0002, 0, 27.927927927927925)
(500, 32, 0.1, 0.0002, 1, 27.927927927927925)
(500, 32, 0.5, 0.001, 0, 27.927927927927925)
(500, 32, 0.5, 0.001, 1, 26.126126126126124)
(500, 32, 1.0, 0.002, 0, 21.62162162162162)
(500, 32, 1.0, 0.002, 1, 26.126126126126124)
(500, 32, 5.0, 0.01, 0, 27.927927927927925)
(500, 32, 5.0, 0.01, 1, 27.927927927927925)
(500, 32, 10.0, 0.02, 0, 26.126126126126124)
(500, 32, 10.0, 0.02, 1, 27.927927927927925)
(500, 32, 100.0, 0.2, 0, 27.927927927927925)
(500, 32, 100.0, 0.2, 1, 26.126126126126124)
(500, 64, 1e-06, 1.9999999999999997e-09, 0, 27.927927927927925)
(500, 64, 1e-06, 1.9999999999999997e-09, 1, 27.927927927927925)
(500, 64, 1e-05, 2e-08, 0, 36.93693725912421)
(500, 64, 1e-05, 2e-08, 1, 35.135135161984074)
(500, 64, 0.0001, 2.0000000000000002e-07, 0, 35.13513526937983)
(500, 64, 0.0001, 2.0000000000000002e-07, 1, 30.63063071117745)
(500, 64, 0.001, 2e-06, 0, 15.315315342164254)
(500, 64, 0.001, 2e-06, 1, 15.315315691200462)
(500, 64, 0.01, 2e-05, 0, 23.423423503970238)
(500, 64, 0.01, 2e-05, 1, 27.927927927927925)
(500, 64, 0.1, 0.0002, 0, 26.126126126126124)
(500, 64, 0.1, 0.0002, 1, 27.927927927927925)
(500, 64, 0.5, 0.001, 0, 27.927927927927925)
(500, 64, 0.5, 0.001, 1, 27.927927927927925)
(500, 64, 1.0, 0.002, 0, 26.126126126126124)
(500, 64, 1.0, 0.002, 1, 27.927927927927925)
(500, 64, 5.0, 0.01, 0, 27.927927927927925)
(500, 64, 5.0, 0.01, 1, 27.927927927927925)
(500, 64, 10.0, 0.02, 0, 27.927927927927925)
(500, 64, 10.0, 0.02, 1, 26.126126126126124)
(500, 64, 100.0, 0.2, 0, 27.927927927927925)
(500, 64, 100.0, 0.2, 1, 26.126126126126124)
(500, 128, 1e-06, 1.9999999999999997e-09, 0, 27.927927927927925)
(500, 128, 1e-06, 1.9999999999999997e-09, 1, 27.927927927927925)
(500, 128, 1e-05, 2e-08, 0, 35.135135161984074)
(500, 128, 1e-05, 2e-08, 1, 36.93693698392258)
(500, 128, 0.0001, 2.0000000000000002e-07, 0, 32.43243251297925)
(500, 128, 0.0001, 2.0000000000000002e-07, 1, 31.531531665776225)
(500, 128, 0.001, 2e-06, 0, 18.918919294804066)
(500, 128, 0.001, 2e-06, 1, 17.117117143966055)
(500, 128, 0.01, 2e-05, 0, 19.819819954064517)
(500, 128, 0.01, 2e-05, 1, 18.018018044866956)
(500, 128, 0.1, 0.0002, 0, 26.126126126126124)
(500, 128, 0.1, 0.0002, 1, 26.126126126126124)
(500, 128, 0.5, 0.001, 0, 26.126126126126124)
(500, 128, 0.5, 0.001, 1, 27.927927927927925)
(500, 128, 1.0, 0.002, 0, 26.126126126126124)
(500, 128, 1.0, 0.002, 1, 27.927927927927925)
(500, 128, 5.0, 0.01, 0, 27.927927927927925)
(500, 128, 5.0, 0.01, 1, 27.927927927927925)
(500, 128, 10.0, 0.02, 0, 27.927927927927925)
(500, 128, 10.0, 0.02, 1, 27.927927927927925)
(500, 128, 100.0, 0.2, 0, 27.927927927927925)
(500, 128, 100.0, 0.2, 1, 27.927927927927925)
(1000, 8, 1e-06, 9.999999999999999e-10, 0, 28.828828875814473)
(1000, 8, 1e-06, 9.999999999999999e-10, 1, 29.729729823701017)
(1000, 8, 1e-05, 1e-08, 0, 30.63063067090404)
(1000, 8, 1e-05, 1e-08, 1, 34.234234422176804)
(1000, 8, 0.0001, 1.0000000000000001e-07, 0, 13.513513594060331)
(1000, 8, 0.0001, 1.0000000000000001e-07, 1, 14.41441454865911)
(1000, 8, 0.001, 1e-06, 0, 17.117117143966055)
(1000, 8, 0.001, 1e-06, 1, 14.41441449496123)
(1000, 8, 0.01, 1e-05, 0, 27.927927927927925)
(1000, 8, 0.01, 1e-05, 1, 27.927927927927925)
(1000, 8, 0.1, 0.0001, 0, 27.927927927927925)
(1000, 8, 0.1, 0.0001, 1, 27.927927927927925)
(1000, 8, 0.5, 0.0005, 0, 26.126126126126124)
(1000, 8, 0.5, 0.0005, 1, 27.927927927927925)
(1000, 8, 1.0, 0.001, 0, 24.324324324324326)
(1000, 8, 1.0, 0.001, 1, 21.62162162162162)
(1000, 8, 5.0, 0.005, 0, 24.324324324324326)
(1000, 8, 5.0, 0.005, 1, 21.62162162162162)
(1000, 8, 10.0, 0.01, 0, 27.927927927927925)
(1000, 8, 10.0, 0.01, 1, 26.126126126126124)
(1000, 8, 100.0, 0.1, 0, 21.62162162162162)
(1000, 8, 100.0, 0.1, 1, 21.62162162162162)
(1000, 16, 1e-06, 9.999999999999999e-10, 0, 27.927927927927925)
(1000, 16, 1e-06, 9.999999999999999e-10, 1, 27.927927927927925)
(1000, 16, 1e-05, 1e-08, 0, 33.333333427304616)
(1000, 16, 1e-05, 1e-08, 1, 33.33333337360674)
(1000, 16, 0.0001, 1.0000000000000001e-07, 0, 19.819819900366635)
(1000, 16, 0.0001, 1.0000000000000001e-07, 1, 18.918919053163613)
(1000, 16, 0.001, 1e-06, 0, 14.414414441263354)
(1000, 16, 0.001, 1e-06, 1, 15.315315395862134)
(1000, 16, 0.01, 1e-05, 0, 27.927927927927925)
(1000, 16, 0.01, 1e-05, 1, 27.927927927927925)
(1000, 16, 0.1, 0.0001, 0, 26.126126126126124)
(1000, 16, 0.1, 0.0001, 1, 26.126126126126124)
(1000, 16, 0.5, 0.0005, 0, 21.62162162162162)
(1000, 16, 0.5, 0.0005, 1, 27.927927927927925)
(1000, 16, 1.0, 0.001, 0, 26.126126126126124)
(1000, 16, 1.0, 0.001, 1, 26.126126126126124)
(1000, 16, 5.0, 0.005, 0, 27.927927927927925)
(1000, 16, 5.0, 0.005, 1, 27.927927927927925)
(1000, 16, 10.0, 0.01, 0, 27.927927927927925)
(1000, 16, 10.0, 0.01, 1, 27.927927927927925)
(1000, 16, 100.0, 0.1, 0, 24.324324324324326)
(1000, 16, 100.0, 0.1, 1, 26.126126126126124)
(1000, 32, 1e-06, 9.999999999999999e-10, 0, 27.927927927927925)
(1000, 32, 1e-06, 9.999999999999999e-10, 1, 27.927927927927925)
(1000, 32, 1e-05, 1e-08, 0, 34.234234422176804)
(1000, 32, 1e-05, 1e-08, 1, 36.036036223978606)
(1000, 32, 0.0001, 1.0000000000000001e-07, 0, 22.522522898407672)
(1000, 32, 0.0001, 1.0000000000000001e-07, 1, 22.52252284470979)
(1000, 32, 0.001, 1e-06, 0, 15.315315395862134)
(1000, 32, 0.001, 1e-06, 1, 15.315315395862134)
(1000, 32, 0.01, 1e-05, 0, 27.927927927927925)
(1000, 32, 0.01, 1e-05, 1, 27.927927927927925)
(1000, 32, 0.1, 0.0001, 0, 27.927927927927925)
(1000, 32, 0.1, 0.0001, 1, 27.927927927927925)
(1000, 32, 0.5, 0.0005, 0, 27.927927927927925)
(1000, 32, 0.5, 0.0005, 1, 26.126126126126124)
(1000, 32, 1.0, 0.001, 0, 27.927927927927925)
(1000, 32, 1.0, 0.001, 1, 21.62162162162162)
(1000, 32, 5.0, 0.005, 0, 27.927927927927925)
(1000, 32, 5.0, 0.005, 1, 27.927927927927925)
(1000, 32, 10.0, 0.01, 0, 26.126126126126124)
(1000, 32, 10.0, 0.01, 1, 26.126126126126124)
(1000, 32, 100.0, 0.1, 0, 26.126126126126124)
(1000, 32, 100.0, 0.1, 1, 21.62162162162162)
(1000, 64, 1e-06, 9.999999999999999e-10, 0, 27.927927927927925)
(1000, 64, 1e-06, 9.999999999999999e-10, 1, 27.927927927927925)
(1000, 64, 1e-05, 1e-08, 0, 38.73873887298343)
(1000, 64, 1e-05, 1e-08, 1, 37.83783791838465)
(1000, 64, 0.0001, 1.0000000000000001e-07, 0, 27.02702724181854)Using TensorFlow backend.
(1000, 64, 0.0001, 1.0000000000000001e-07, 1, 29.729729998219124)
(1000, 64, 0.001, 1e-06, 0, 17.117117197663934)
(1000, 64, 0.001, 1e-06, 1, 16.216216243065155)
(1000, 64, 0.01, 1e-05, 0, 27.927927927927925)
(1000, 64, 0.01, 1e-05, 1, 27.927927927927925)
(1000, 64, 0.1, 0.0001, 0, 27.927927927927925)
(1000, 64, 0.1, 0.0001, 1, 26.126126126126124)
(1000, 64, 0.5, 0.0005, 0, 26.126126126126124)
(1000, 64, 0.5, 0.0005, 1, 27.927927927927925)
(1000, 64, 1.0, 0.001, 0, 26.126126126126124)
(1000, 64, 1.0, 0.001, 1, 27.927927927927925)
(1000, 64, 5.0, 0.005, 0, 27.927927927927925)
(1000, 64, 5.0, 0.005, 1, 27.927927927927925)
(1000, 64, 10.0, 0.01, 0, 27.927927927927925)
(1000, 64, 10.0, 0.01, 1, 21.62162162162162)
(1000, 64, 100.0, 0.1, 0, 26.126126126126124)
(1000, 64, 100.0, 0.1, 1, 26.126126126126124)
(1000, 128, 1e-06, 9.999999999999999e-10, 0, 27.927927927927925)
(1000, 128, 1e-06, 9.999999999999999e-10, 1, 27.927927927927925)
(1000, 128, 1e-05, 1e-08, 0, 41.44144152198826)
(1000, 128, 1e-05, 1e-08, 1, 40.540540674785234)
(1000, 128, 0.0001, 1.0000000000000001e-07, 0, 30.63063079172427)
(1000, 128, 0.0001, 1.0000000000000001e-07, 1, 27.92792819641732)
(1000, 128, 0.001, 1e-06, 0, 14.414414790299562)
(1000, 128, 0.001, 1e-06, 1, 17.117117143966055)
(1000, 128, 0.01, 1e-05, 0, 14.414414790299562)
(1000, 128, 0.01, 1e-05, 1, 22.52252260306934)
(1000, 128, 0.1, 0.0001, 0, 27.927927927927925)
(1000, 128, 0.1, 0.0001, 1, 26.126126126126124)
(1000, 128, 0.5, 0.0005, 0, 27.927927927927925)
(1000, 128, 0.5, 0.0005, 1, 26.126126126126124)
(1000, 128, 1.0, 0.001, 0, 27.927927927927925)
(1000, 128, 1.0, 0.001, 1, 27.927927927927925)
(1000, 128, 5.0, 0.005, 0, 27.927927927927925)
(1000, 128, 5.0, 0.005, 1, 26.126126126126124)
(1000, 128, 10.0, 0.01, 0, 27.927927927927925)
(1000, 128, 10.0, 0.01, 1, 26.126126126126124)
(1000, 128, 100.0, 0.1, 0, 27.927927927927925)
(1000, 128, 100.0, 0.1, 1, 27.927927927927925)
[1]+  Done                    gcloud compute --project "thematic-bee-100211" ssh --zone "europe-west4-a" "instance-1"  



BEST ACCURACY - LINE 208

epochs, batch_size, lrate, decay, truefalse, final_accuracy
(50, 128, 0.01, 0.0002, 0, 43.243243377487936)

COMMAND
cd JCK-Project/RESET
python hyper1.py



